0 5 7 9 13 14 18 27 30 39 46 46 45 50 47 53 48 51 53 55 57 65 70 77 83 88 84 90 94 92 98 106 106 108 110 107 114 113 119 123 116 118 122 125 126 127 131 132 140 141 142 143 144 150 151 156 158 167 173 176 185 192 192 193 199 201 204 206 207 216 212 221 223 217 223 222 222 224 229 227 228 230 233 241 247 254 246 247 249 255 259 266 267 275 282 283 281 281 281 282 
7 6 7 16 14 16 21 30 39 36 41 46 44 42 43 44 47 50 56 56 59 60 69 72 74 80 83 91 87 88 90 99 104 105 103 105 106 110 112 114 115 123 125 128 132 129 132 141 148 146 143 150 145 148 150 155 161 165 173 174 178 184 190 191 193 202 201 206 212 211 210 217 216 216 214 215 216 219 223 224 228 229 233 242 248 246 243 247 252 253 254 260 269 271 277 285 280 279 280 282 
10 7 9 16 16 19 24 26 35 35 38 39 40 41 42 49 54 53 55 62 60 61 63 65 66 71 80 85 86 87 89 93 99 100 102 110 113 118 115 118 123 125 126 134 134 133 134 140 148 147 151 148 147 150 156 156 163 166 174 177 181 182 191 192 194 198 199 205 214 211 209 209 215 212 212 218 224 223 224 233 229 230 231 235 239 240 241 250 259 252 253 254 260 269 274 276 276 278 285 285 
9 8 16 16 17 22 27 27 32 34 35 43 49 42 43 44 51 58 59 60 61 62 63 68 72 78 83 81 84 90 96 94 93 101 106 110 106 111 118 121 118 125 125 130 128 137 138 141 150 148 149 152 149 153 156 159 165 171 174 183 182 179 187 195 192 198 202 205 211 209 204 206 211 210 211 216 222 221 224 228 237 235 228 230 234 239 248 249 258 251 253 259 263 267 274 275 275 276 277 285 
13 13 14 15 20 28 33 29 31 35 37 41 42 43 51 52 55 58 61 61 64 64 64 69 70 71 74 75 84 85 87 90 92 94 98 101 104 110 111 118 114 119 121 125 126 128 136 137 145 148 149 151 154 158 157 163 159 163 172 175 179 178 183 192 191 190 195 201 206 203 202 208 205 209 211 218 219 220 221 228 233 226 227 229 230 235 239 248 249 250 251 252 256 262 266 274 274 276 275 276 
18 17 15 18 26 29 30 31 32 34 37 46 43 44 47 55 64 59 60 68 65 73 66 67 70 71 77 80 89 89 94 91 95 103 100 101 102 109 109 111 112 118 119 120 123 130 128 137 138 147 145 154 148 149 156 157 158 161 166 169 170 173 181 183 187 188 194 195 198 200 201 203 204 205 207 211 219 221 225 222 224 225 226 230 238 238 247 251 253 259 258 253 256 261 263 269 270 271 272 274 
21 18 19 19 20 28 37 32 33 37 42 46 50 45 50 57 65 67 62 64 70 73 75 69 75 72 73 74 82 84 92 97 97 98 98 103 99 100 107 114 118 119 119 121 122 123 126 135 139 142 144 146 147 155 162 159 160 166 174 178 175 182 182 185 189 197 198 201 202 204 203 210 210 210 208 210 219 216 217 219 228 233 231 238 242 239 240 243 251 253 260 260 264 267 264 269 271 279 274 275 
27 19 22 28 21 26 30 31 39 42 47 47 49 51 54 62 67 70 67 67 74 76 76 78 75 73 80 75 83 87 89 94 91 93 94 95 96 103 111 109 111 118 118 119 121 123 129 132 139 142 143 152 156 157 163 160 164 166 173 177 178 184 184 187 188 189 193 197 197 206 209 206 207 215 209 210 214 215 224 220 228 229 230 233 237 245 243 247 248 255 256 258 262 268 267 271 277 284 280 281 
26 20 23 24 29 27 34 33 36 43 44 52 50 59 59 66 69 69 73 73 71 74 78 76 76 82 85 76 80 84 88 90 89 92 97 98 102 104 105 108 110 112 116 121 119 125 127 129 130 136 145 152 160 158 165 164 164 169 169 177 184 185 183 189 191 190 191 193 196 201 202 205 214 219 212 212 214 218 221 226 231 234 231 232 240 244 249 246 250 251 253 257 258 260 265 274 283 276 280 282 
27 27 24 32 34 29 36 36 41 49 46 47 55 50 59 64 72 66 69 71 69 71 74 75 83 85 85 81 83 84 85 86 88 90 99 101 104 106 114 115 111 112 113 116 118 127 129 137 136 142 150 153 154 161 165 171 163 165 166 172 175 181 182 186 193 197 194 194 196 197 201 210 219 220 218 221 223 224 222 223 231 232 238 233 234 239 241 242 249 247 254 254 263 265 263 271 276 275 276 277 
30 31 32 33 34 34 35 40 42 43 45 47 48 49 57 66 63 64 65 66 68 74 82 76 77 79 82 86 91 87 87 91 94 99 108 103 104 107 110 117 114 117 117 119 127 129 130 137 141 142 145 146 151 160 168 162 159 160 163 165 171 178 186 189 192 200 201 195 201 200 208 212 220 221 227 225 226 227 225 225 228 229 230 238 236 244 241 245 245 245 249 251 254 257 262 270 271 272 279 278 
35 32 39 34 38 36 44 49 46 49 50 50 54 58 58 59 60 67 66 71 72 79 80 79 79 83 83 85 91 96 96 100 95 98 99 108 109 113 119 120 120 120 118 127 135 130 135 136 143 144 145 146 148 157 159 163 157 161 162 171 173 180 189 192 193 195 195 194 203 201 210 214 215 219 221 220 227 224 230 225 230 229 234 236 237 238 239 240 242 244 252 252 259 260 261 267 271 274 280 279 
40 39 38 35 41 38 42 44 50 50 54 58 61 65 59 65 69 68 72 73 73 74 75 77 81 83 90 94 92 100 100 102 99 105 108 109 111 116 120 122 122 125 125 129 133 132 137 137 145 152 147 152 150 152 154 155 156 163 170 172 173 182 187 186 191 196 192 193 195 202 208 205 206 213 214 219 225 222 229 224 225 228 236 239 242 243 240 243 243 244 245 246 250 251 255 258 267 270 271 274 
41 42 44 44 44 39 42 49 52 56 59 63 67 62 60 62 71 71 77 75 82 79 76 77 78 85 86 95 100 99 107 104 100 102 103 112 119 117 125 121 126 128 127 130 137 135 137 141 147 153 153 160 157 154 159 159 161 162 170 171 174 179 181 185 186 187 188 192 196 200 201 202 210 216 222 217 218 219 220 221 223 227 235 237 238 239 241 242 250 250 247 249 256 255 256 263 261 262 270 275 
44 45 45 46 49 42 44 46 50 51 55 64 65 63 68 65 69 75 81 82 89 80 83 84 79 86 91 97 93 94 102 107 102 105 112 114 118 121 121 119 118 120 121 130 138 137 138 139 140 144 146 154 160 158 167 160 161 164 171 180 178 184 182 186 190 196 197 197 199 201 205 206 207 211 215 216 217 221 221 225 225 233 234 236 237 246 248 248 249 249 248 249 251 252 254 256 259 263 268 271 
45 48 47 49 48 43 45 49 55 52 57 64 65 64 72 67 75 76 83 91 85 89 92 87 88 87 89 90 92 93 94 101 102 105 106 108 109 112 115 116 117 126 122 128 129 137 146 142 141 142 150 154 158 166 174 169 163 164 169 178 179 188 184 188 191 198 193 195 198 201 209 205 211 210 213 219 218 224 229 231 226 231 234 243 238 246 248 253 254 250 249 251 257 254 256 258 261 263 268 269 
46 54 51 53 53 46 51 56 60 56 58 60 65 66 67 72 79 76 83 82 83 91 90 91 96 88 97 96 93 96 103 102 107 113 107 113 111 112 118 124 123 128 131 136 132 134 142 143 144 144 153 153 157 164 173 165 164 168 173 182 186 191 191 189 190 191 192 193 195 196 200 201 202 208 215 216 217 218 224 231 234 237 242 250 247 249 250 254 259 253 258 255 258 260 258 262 263 267 272 276 
50 51 53 62 55 54 54 62 68 60 64 61 62 68 69 70 71 74 83 81 82 83 89 87 96 97 98 104 98 105 108 105 106 110 113 116 119 113 117 118 120 121 130 131 132 140 141 150 151 145 149 150 159 167 168 166 166 175 174 175 182 191 193 190 195 200 193 195 197 199 200 203 208 215 221 220 218 225 227 236 235 242 241 242 245 244 253 259 262 260 254 254 255 258 260 264 263 262 271 275 
56 57 60 58 57 55 57 64 69 63 71 62 64 67 71 73 79 75 76 78 81 82 85 86 95 98 97 99 103 104 106 110 107 111 114 115 117 116 122 127 121 122 123 132 131 140 142 150 152 154 151 159 156 162 166 167 167 172 173 175 184 189 194 199 204 204 199 196 197 203 202 210 216 219 225 221 219 227 229 233 239 234 240 238 243 242 248 250 253 251 252 253 255 256 258 259 260 261 265 273 
58 58 66 59 61 58 60 69 75 66 64 63 66 68 70 72 73 77 82 79 80 87 87 87 88 89 95 102 111 105 106 108 115 116 117 122 118 117 123 129 128 131 124 125 129 138 141 148 152 152 153 153 155 156 161 169 168 173 174 175 183 192 193 200 201 207 206 198 206 208 204 205 209 216 217 217 224 229 234 234 240 233 238 237 243 241 247 248 251 250 251 253 261 258 261 261 261 262 264 268 
59 66 71 62 68 59 66 75 74 67 72 66 75 69 70 78 77 83 91 84 84 88 89 96 89 95 97 105 106 106 113 113 113 115 124 124 119 118 122 123 124 133 126 126 135 136 138 142 143 148 156 151 160 165 164 165 169 176 182 176 177 185 186 193 197 198 202 204 212 209 205 206 209 210 212 216 219 222 231 227 231 232 229 232 234 237 238 247 248 249 258 254 255 259 260 261 262 270 267 270 
62 63 72 66 67 68 75 73 71 70 71 67 69 70 75 77 78 79 83 84 86 90 90 97 97 104 100 101 105 110 112 111 112 115 120 121 126 122 124 132 130 131 131 133 140 142 140 141 150 148 149 150 154 156 158 159 165 174 176 183 185 186 187 190 191 199 201 202 204 205 209 210 213 212 213 222 220 221 222 223 226 227 228 235 243 246 247 250 249 250 258 263 256 260 269 263 266 275 276 277 
70 65 66 75 68 73 80 80 72 71 74 71 70 72 74 78 87 87 85 85 91 91 93 97 105 104 104 109 106 107 108 109 112 119 125 130 134 125 128 129 133 140 136 135 136 142 147 144 145 146 152 155 159 162 165 163 170 171 177 178 184 187 188 195 200 203 202 211 207 206 207 215 222 221 220 222 224 222 225 232 230 233 237 242 243 250 251 251 250 251 252 254 262 261 266 266 275 278 283 279 
69 66 71 72 77 82 75 74 73 78 83 74 72 81 83 79 88 89 87 87 92 92 93 101 102 103 104 112 110 108 114 110 118 120 129 132 131 130 134 138 138 139 142 136 137 138 144 145 147 147 154 155 164 164 166 165 172 174 176 177 180 181 189 194 199 208 204 209 213 211 209 218 219 220 223 227 232 225 227 233 231 238 245 250 243 252 253 260 252 252 258 262 265 262 269 267 274 275 282 280 
75 67 69 70 73 74 76 75 80 84 84 83 78 87 87 81 87 88 88 88 89 92 94 101 102 104 112 113 119 116 117 118 126 125 134 136 132 134 137 141 145 144 149 141 140 142 143 148 149 153 156 162 163 165 167 166 167 169 175 183 188 187 191 191 191 200 198 205 211 212 211 219 223 227 224 225 229 231 229 231 232 234 240 242 242 245 247 256 253 260 259 263 271 264 265 268 274 282 280 285 
83 76 70 72 73 76 77 82 81 83 89 85 87 88 91 82 86 87 90 95 90 97 95 104 111 109 117 114 120 124 119 127 135 127 129 133 133 140 146 142 144 149 151 143 144 149 152 152 152 156 158 165 168 166 175 172 169 176 176 177 182 183 184 187 188 196 197 198 206 211 210 211 219 227 230 226 229 235 233 238 236 236 238 240 241 247 248 250 251 260 268 267 268 270 267 271 272 273 274 278 
76 74 72 73 74 80 78 85 82 88 89 88 90 87 85 84 86 92 92 95 92 96 99 104 112 117 119 117 118 126 124 131 132 136 135 135 142 146 155 150 146 147 149 148 145 149 155 153 158 164 167 169 177 170 174 174 172 177 182 178 183 187 188 192 193 195 200 202 207 208 209 210 213 220 221 223 225 228 230 239 245 238 243 244 250 255 257 252 255 259 261 264 267 269 269 270 279 282 283 281 
82 82 73 74 78 80 86 86 88 94 91 92 97 89 94 85 88 94 96 97 101 102 105 109 116 117 118 119 119 126 132 131 133 134 143 140 143 144 148 156 152 155 150 150 146 153 154 156 165 170 168 173 179 179 182 182 173 176 177 180 184 191 197 197 202 204 202 204 213 209 210 219 214 215 222 224 227 233 232 239 241 247 244 251 259 260 257 255 256 260 262 263 266 271 275 271 272 281 282 287 
91 83 82 77 79 82 88 89 92 93 93 101 99 94 94 93 89 95 102 105 110 111 114 113 119 122 122 124 120 122 126 129 134 135 139 140 141 143 148 156 161 161 158 154 148 157 156 165 160 163 168 170 178 179 180 180 174 177 179 182 188 189 190 191 199 200 205 207 209 218 216 216 215 218 221 226 227 231 235 235 243 249 251 253 261 262 258 259 260 263 264 266 268 269 272 273 273 277 280 282 
93 87 91 86 80 81 83 90 93 102 96 99 103 96 99 97 98 99 107 110 116 114 115 114 120 122 125 128 121 130 129 130 136 136 137 139 144 146 150 159 160 161 167 158 151 160 157 158 159 167 176 171 175 180 182 182 175 176 182 183 191 191 191 200 207 208 206 208 211 218 223 217 218 222 225 230 228 229 230 231 236 240 249 250 257 264 264 265 263 269 265 274 277 273 277 274 279 279 288 291 
93 89 90 90 81 82 83 91 94 100 98 99 100 99 108 104 107 102 109 113 115 116 117 115 116 120 129 125 123 127 128 130 139 138 140 141 143 146 148 154 163 163 166 159 159 167 160 159 164 169 170 176 178 180 180 179 177 184 189 188 189 190 191 192 199 202 204 206 208 211 214 222 219 228 228 237 236 234 232 236 242 246 246 255 256 265 265 268 271 271 273 274 275 276 281 275 284 285 290 297 
97 96 88 85 82 89 87 88 97 106 106 100 102 100 106 105 106 110 111 113 122 121 121 116 119 120 124 128 128 131 132 139 140 146 148 150 151 150 156 162 164 166 167 165 168 172 169 160 169 176 177 177 178 179 181 183 181 185 188 189 190 198 193 197 200 208 205 213 211 213 214 215 222 223 230 231 233 239 235 239 240 242 245 254 263 266 267 268 274 272 281 277 280 278 284 280 288 286 287 289 
101 94 92 88 83 88 94 91 99 103 99 104 106 102 109 107 111 112 120 114 122 121 120 118 119 120 123 127 129 135 138 139 144 146 148 149 153 151 159 161 162 163 166 166 169 174 169 161 163 172 177 186 186 187 186 187 182 191 192 193 192 197 198 203 201 206 206 210 212 220 219 224 223 224 226 233 235 240 237 238 239 242 243 251 255 259 265 267 272 272 281 279 288 280 283 281 285 286 292 290 
95 91 90 88 87 93 98 94 95 96 97 99 104 106 107 114 119 118 123 120 128 130 122 120 126 121 122 131 136 144 140 146 145 146 150 158 154 160 158 159 160 162 163 167 173 165 163 162 169 171 174 182 189 188 189 191 183 190 195 200 194 195 200 203 208 214 211 218 216 220 223 225 224 226 227 232 239 247 246 240 243 243 247 250 257 260 263 262 264 265 272 279 282 288 288 286 293 290 292 293 
102 96 92 91 91 95 104 103 104 103 98 104 110 115 110 112 116 125 124 129 131 129 128 125 133 130 128 129 135 136 137 142 145 146 149 150 155 163 157 158 166 163 164 165 171 169 172 166 171 175 176 180 181 183 187 193 191 191 192 193 202 204 201 202 207 206 210 211 220 227 224 225 229 229 234 233 236 239 240 242 248 252 248 249 256 260 260 261 262 263 272 271 280 281 286 284 290 297 294 302 
104 95 94 99 94 99 105 112 105 107 104 113 115 117 119 116 118 123 125 126 130 135 132 127 128 129 137 132 133 136 144 145 154 155 150 152 153 154 156 164 173 164 165 169 170 172 171 167 174 179 177 185 183 186 187 196 194 193 195 194 195 200 208 203 204 205 212 213 222 231 226 227 234 231 236 242 237 239 247 250 250 250 249 257 258 258 259 268 263 270 271 270 271 276 277 283 285 288 291 294 
105 97 96 103 101 100 101 103 105 106 107 116 122 123 121 118 119 121 122 127 128 129 136 128 130 130 133 137 136 137 138 147 156 158 152 159 157 163 157 166 167 171 168 169 176 171 170 169 178 181 178 184 187 184 185 194 192 199 198 198 204 204 206 207 205 207 212 218 224 225 226 232 237 232 241 241 240 248 250 251 255 253 251 254 255 257 259 260 261 263 266 268 272 276 278 280 288 287 296 299 
107 103 102 103 102 101 107 106 113 112 108 110 114 115 119 120 123 124 127 133 135 135 140 134 138 136 136 145 137 144 140 146 147 152 158 160 160 168 165 167 176 176 169 177 177 172 171 172 174 175 177 180 181 182 183 188 191 194 196 204 213 209 211 208 209 214 214 221 227 230 230 232 234 234 237 240 244 247 251 254 263 255 254 256 261 258 260 269 262 263 265 268 270 271 279 280 281 282 289 296 
105 104 103 107 104 102 109 107 108 116 114 118 116 117 119 126 124 131 129 136 141 144 146 142 139 144 139 142 139 141 149 152 156 153 162 161 169 167 170 169 176 179 174 177 184 179 176 179 183 177 181 184 186 186 185 192 200 196 199 207 215 212 214 212 210 211 216 218 226 228 234 234 238 238 241 247 251 250 254 255 264 256 255 256 260 259 262 271 265 265 269 270 276 273 277 281 282 290 290 292 
111 107 106 109 113 107 109 113 109 113 122 124 117 118 124 130 125 133 133 135 137 138 143 146 147 145 144 146 146 142 143 145 151 159 160 161 165 166 167 173 180 178 175 183 190 181 180 182 185 181 185 192 189 193 189 195 197 197 199 205 206 210 213 214 211 212 213 216 222 226 231 238 243 240 246 247 256 257 255 260 261 264 257 257 258 259 267 275 266 267 268 272 280 282 278 283 291 290 291 295 
113 113 110 112 113 116 115 115 116 119 121 122 122 121 130 129 128 133 141 136 138 145 146 155 150 147 152 152 148 146 147 149 155 159 160 167 166 168 171 173 182 178 176 177 186 189 186 186 186 188 194 200 192 195 190 193 201 200 202 203 207 209 211 217 215 214 214 218 220 225 234 235 238 245 253 249 255 259 260 268 270 266 259 264 260 260 262 271 275 273 275 277 280 281 280 288 289 289 290 292 
118 114 112 113 114 117 116 116 121 123 128 123 125 123 132 129 133 134 136 141 144 151 148 157 151 151 155 154 153 152 150 151 153 162 162 164 167 171 174 179 184 179 183 179 180 181 185 187 189 195 196 203 196 194 192 194 196 199 208 205 207 208 217 224 222 221 219 219 228 234 237 239 245 248 244 246 252 261 260 263 264 265 265 271 264 261 262 268 275 274 281 285 281 285 281 285 286 287 295 301 
119 121 113 122 122 118 118 117 120 121 127 125 127 126 127 128 133 137 137 140 142 145 153 158 153 160 160 156 154 154 153 158 158 160 163 171 168 170 179 180 181 185 191 187 185 187 186 194 190 193 201 202 198 198 201 203 203 208 213 209 215 210 216 219 221 222 228 220 229 228 232 238 240 246 241 246 248 255 258 263 270 266 274 267 265 264 268 275 284 279 282 283 290 292 286 286 292 292 301 310 
121 127 122 130 125 127 119 121 125 123 128 134 136 135 131 133 134 142 139 140 145 149 151 152 155 162 160 160 156 163 155 156 157 159 165 166 167 173 178 179 187 191 190 189 188 192 192 196 194 202 204 207 199 199 203 208 204 213 219 210 212 211 218 219 222 226 222 221 223 224 227 231 234 239 240 244 245 252 257 258 267 268 272 268 266 266 270 275 278 284 289 287 289 289 287 287 295 300 300 303 
122 128 123 124 129 127 126 129 127 125 131 132 138 135 132 133 138 143 142 143 144 146 148 151 153 157 159 167 160 160 159 158 158 159 160 168 168 174 175 178 179 187 194 198 194 198 194 201 195 203 204 205 202 208 206 213 208 210 214 211 220 220 221 225 231 232 227 222 226 225 230 235 238 244 242 249 250 252 256 257 266 266 271 273 268 271 279 279 279 284 291 290 291 293 288 293 294 295 296 298 
124 130 124 130 131 135 135 130 130 126 134 134 139 141 138 142 141 143 143 150 149 154 149 150 151 158 159 161 165 167 166 160 167 168 161 162 165 170 177 178 179 180 188 192 192 192 194 197 200 201 208 214 209 211 213 212 210 211 215 214 223 228 228 233 233 238 233 231 230 226 235 239 235 239 239 241 244 245 249 254 263 264 270 270 269 277 284 285 282 290 291 291 294 296 292 294 297 299 301 300 
125 130 126 133 136 136 139 131 132 129 131 140 146 147 147 146 148 144 144 153 156 157 150 152 152 154 161 169 174 176 167 162 165 173 167 163 164 173 176 185 182 183 184 185 189 190 191 196 198 204 209 210 213 212 221 217 212 220 223 215 217 223 224 228 234 236 235 235 233 227 232 235 234 235 238 244 248 247 256 263 268 267 269 278 270 271 275 279 287 294 300 292 296 300 293 298 298 303 307 301 
131 129 127 130 139 135 133 132 140 133 132 137 146 155 152 155 154 145 146 152 157 156 154 160 158 161 169 174 177 175 170 168 166 173 165 164 166 175 179 180 187 190 186 186 192 194 200 197 204 205 208 209 218 221 226 219 214 221 221 217 224 226 225 227 235 243 244 237 237 228 229 230 231 232 237 241 247 255 260 264 267 274 278 275 272 277 280 281 285 291 296 295 302 301 302 300 300 309 313 304 
132 134 135 139 142 136 134 133 142 139 134 140 141 146 147 148 148 146 151 152 153 155 155 164 162 166 170 165 170 174 178 171 169 170 174 172 168 177 179 187 194 195 192 188 196 200 201 202 208 208 213 212 214 216 219 224 215 224 220 219 225 226 229 230 232 236 237 243 245 236 230 231 235 237 246 243 249 250 251 260 265 271 278 280 274 281 283 287 287 290 294 301 308 302 304 303 305 306 307 307 
140 135 141 144 140 139 138 141 146 137 135 140 141 150 148 149 155 147 148 157 161 155 155 161 162 163 167 164 166 169 177 175 178 178 179 174 173 180 184 193 190 191 194 195 196 198 202 209 209 217 219 220 215 221 222 226 221 227 221 226 232 233 230 231 232 235 238 243 239 238 236 238 242 238 240 242 251 258 257 258 267 268 272 281 275 278 281 284 290 293 298 299 302 303 308 304 305 312 316 308 
141 136 138 139 141 141 139 140 139 138 138 140 145 146 152 151 153 151 150 151 152 153 154 156 157 158 160 162 170 172 173 177 179 179 185 180 182 181 185 188 189 191 196 200 202 207 209 214 210 211 215 216 219 225 230 230 225 227 230 233 235 236 237 232 235 239 244 245 242 239 241 244 243 241 241 246 249 250 253 262 268 277 273 280 279 279 281 287 295 297 300 306 311 312 308 306 314 321 322 316 
148 139 139 140 148 143 145 142 144 141 141 147 149 154 153 159 154 156 154 153 160 159 155 158 158 166 167 165 168 175 174 176 182 188 187 185 190 184 186 192 190 192 198 200 201 204 213 214 215 213 214 223 220 221 225 229 228 228 229 237 237 239 234 233 239 246 248 244 243 240 242 246 251 250 246 249 255 259 256 261 266 275 277 279 285 281 283 291 300 298 299 303 311 317 310 312 313 316 318 318 
150 144 148 141 150 144 146 144 146 150 143 145 146 147 156 164 155 164 155 154 156 165 156 157 163 165 169 166 172 181 175 178 180 188 187 186 189 191 193 200 195 198 203 208 202 211 212 213 214 214 219 220 224 222 229 229 235 237 231 240 238 239 237 235 236 237 243 252 250 243 250 248 249 249 247 252 254 255 259 268 275 279 284 287 283 282 290 293 302 305 306 311 308 309 310 311 314 323 319 327 
152 150 151 146 153 147 149 147 150 151 152 146 148 150 159 164 158 162 156 160 159 163 165 166 172 166 170 173 181 183 180 179 184 186 195 192 198 196 195 200 200 203 209 210 207 211 219 216 220 215 224 221 224 223 227 228 235 241 240 246 241 248 240 237 241 238 241 245 246 252 252 250 257 252 256 253 262 261 261 270 274 279 281 282 283 285 286 290 299 299 302 305 306 307 314 319 317 325 327 323 
154 151 152 154 153 148 151 150 152 153 154 153 156 159 160 166 166 168 159 167 164 167 169 167 174 168 170 173 177 178 187 180 187 189 193 201 195 198 199 204 203 204 207 214 211 217 221 220 222 219 221 226 233 227 233 237 237 244 242 246 243 251 242 240 243 240 242 251 247 249 251 251 254 261 260 261 263 262 262 269 271 274 279 284 286 286 287 289 292 295 304 307 307 308 309 313 317 318 320 322 
159 154 161 157 158 149 153 151 152 157 160 154 157 164 161 164 169 171 162 171 165 167 168 169 172 170 171 175 176 178 185 181 184 185 186 192 194 195 197 206 205 205 213 217 212 219 223 222 231 223 227 227 229 236 242 241 242 243 251 254 248 248 246 249 252 244 249 253 255 254 253 254 257 266 263 264 265 265 265 274 273 274 280 285 294 295 288 293 294 303 307 309 309 311 311 319 324 321 329 323 
156 155 158 163 159 158 154 160 160 160 161 163 166 167 165 168 169 170 163 170 168 168 172 170 172 171 180 184 177 185 191 190 186 192 191 197 195 196 197 206 206 214 213 215 213 222 226 226 234 225 226 230 231 232 238 247 251 245 254 259 252 249 251 250 255 249 250 252 255 256 254 261 262 264 268 269 267 271 269 273 282 275 281 289 296 298 295 295 298 306 309 315 318 312 313 321 328 329 328 324 
165 164 165 172 163 164 161 161 169 162 164 166 168 171 169 170 170 173 170 177 169 171 180 171 180 177 178 185 179 185 193 191 195 199 192 194 197 198 198 201 206 207 212 214 219 224 227 235 236 233 234 233 234 241 246 253 260 254 256 260 258 253 259 253 254 255 256 254 255 259 258 267 263 271 276 274 275 275 270 272 278 283 289 294 298 297 297 303 307 310 311 314 315 319 314 318 324 330 332 333 
170 165 168 175 171 165 164 170 173 164 171 167 168 169 170 179 177 180 171 179 177 180 180 179 188 186 182 183 180 186 190 191 192 196 200 197 206 203 201 207 207 212 214 223 223 226 230 235 237 238 235 238 235 244 245 254 256 254 255 260 263 254 255 256 255 259 258 255 256 260 265 271 271 269 271 272 275 276 271 279 279 283 287 288 297 296 295 303 310 314 308 314 318 318 317 320 322 323 324 326 
167 166 169 178 174 169 173 176 169 166 170 170 169 171 178 181 184 176 174 182 185 189 182 181 183 192 184 192 189 192 192 192 201 197 206 201 202 210 204 207 212 213 218 223 226 225 234 236 244 241 238 238 237 243 244 246 247 253 257 265 267 258 262 260 257 259 261 263 263 261 263 264 267 268 270 271 280 275 272 273 279 281 286 288 289 292 293 299 301 306 307 312 315 324 315 316 317 324 325 334 
176 172 173 181 183 176 182 174 171 167 173 179 170 177 186 189 187 184 180 189 188 191 183 188 188 192 187 196 190 196 201 200 202 202 207 202 203 206 210 215 213 215 216 217 219 221 226 227 235 241 239 239 240 244 253 247 255 254 261 262 269 260 264 259 258 267 262 271 265 264 272 265 270 270 272 275 277 284 281 276 278 285 283 292 292 299 300 304 305 310 308 309 318 318 314 319 319 325 326 335 
177 175 174 175 181 184 181 175 178 175 179 181 179 183 185 187 187 186 189 192 193 192 185 186 195 190 189 192 198 201 204 201 207 208 211 211 210 208 212 214 214 215 221 221 220 225 226 228 229 235 237 238 240 245 248 251 253 259 260 264 266 266 262 260 267 265 264 270 269 266 272 267 270 272 281 284 279 284 284 280 279 280 282 283 292 294 303 299 305 304 305 307 311 312 313 315 324 322 329 330 
183 176 176 176 177 178 184 182 177 176 177 181 184 185 188 193 190 195 193 192 191 187 186 192 195 199 190 197 201 203 204 205 207 212 212 219 219 216 218 221 215 216 217 225 225 234 232 236 230 232 236 239 240 244 253 256 255 258 259 264 269 268 266 263 272 274 265 274 269 268 277 270 271 278 279 283 280 289 288 289 288 284 290 291 292 300 304 298 302 303 308 313 312 313 314 315 318 321 326 334 
183 184 177 184 178 181 187 186 179 181 181 189 186 190 189 196 195 196 201 201 192 192 190 192 194 195 194 195 200 209 209 206 209 210 212 213 221 217 221 218 216 222 225 227 230 231 232 232 231 237 237 239 241 247 248 251 256 265 267 264 271 267 273 269 272 273 272 274 277 269 273 273 279 280 285 282 281 289 291 290 295 293 292 293 293 294 295 296 297 306 309 316 321 315 316 322 319 328 327 333 
182 181 180 189 180 183 185 186 188 188 184 190 192 191 191 200 196 197 198 199 193 194 191 200 201 196 199 196 200 201 206 215 217 216 218 216 218 220 227 222 219 221 223 224 225 234 233 234 238 239 238 241 248 251 251 252 253 260 261 262 264 265 268 272 272 274 275 279 274 272 273 279 282 288 294 290 287 290 294 293 295 294 296 302 298 296 302 305 306 308 309 310 312 319 316 321 320 322 324 325 
183 185 185 188 183 184 188 193 195 188 185 186 188 195 197 202 200 204 206 200 202 195 197 198 200 199 198 197 206 203 207 209 218 218 225 225 221 221 223 230 222 230 232 227 232 237 234 236 244 245 239 248 249 254 259 257 262 265 270 264 268 269 269 270 271 272 278 287 281 273 274 280 282 285 289 296 293 292 294 294 298 295 304 310 305 305 303 310 315 309 313 319 313 314 315 318 320 322 326 329 
191 187 190 186 185 187 189 192 192 191 188 187 196 202 202 205 209 212 203 201 199 197 198 203 202 208 207 203 207 211 210 216 225 219 223 232 225 223 231 228 223 227 228 233 238 244 235 236 243 246 244 253 255 256 259 260 263 266 267 267 269 271 271 276 275 273 282 285 286 281 282 282 289 288 294 301 297 294 298 296 298 300 305 306 308 306 312 313 322 314 317 323 321 322 318 321 321 322 323 326 
194 188 188 187 187 190 193 199 195 195 193 188 191 198 206 214 209 209 205 203 205 199 200 206 210 211 211 205 211 220 215 216 218 219 221 225 226 224 225 228 226 229 234 234 243 244 241 237 246 251 251 260 257 260 265 265 266 274 276 272 278 276 280 283 283 274 282 284 285 290 291 288 291 291 296 305 304 303 306 300 299 301 310 311 309 314 313 318 319 323 325 324 330 329 326 324 329 323 331 335 
194 193 195 195 195 191 194 197 200 197 199 197 194 197 206 214 208 208 206 205 206 207 203 212 212 214 217 208 210 212 220 220 220 225 229 233 227 227 232 232 227 228 237 240 244 245 246 244 247 248 251 258 258 261 270 269 267 271 274 274 280 280 283 288 279 275 278 280 281 288 292 292 292 295 296 301 303 305 308 305 303 306 307 316 310 316 314 322 321 323 324 333 334 334 330 325 325 324 328 330 
195 202 196 196 198 195 196 198 205 206 203 204 200 200 203 206 207 210 207 210 210 212 209 211 213 213 212 209 211 216 219 227 221 227 228 230 234 232 233 234 230 237 245 241 246 253 247 251 248 249 251 257 258 267 274 273 272 274 282 275 284 281 284 280 278 277 278 287 283 284 286 291 300 296 297 301 304 303 305 307 307 315 308 313 312 313 314 317 319 326 333 340 334 333 329 327 331 331 329 336 
196 197 204 197 203 197 205 207 211 205 204 207 202 201 202 208 208 209 208 209 213 211 210 211 220 214 216 212 212 218 220 229 224 231 230 231 240 235 236 239 237 241 245 242 251 252 252 254 252 250 251 260 259 268 271 275 274 283 281 278 284 289 289 289 280 282 286 286 285 288 287 290 291 300 294 300 304 299 307 308 315 312 311 312 316 322 318 318 320 322 327 331 340 337 335 330 335 334 333 334 
199 199 201 199 203 199 203 210 209 209 212 209 206 208 207 212 217 211 210 211 217 213 212 217 225 223 218 213 221 221 225 226 233 239 232 236 241 237 238 244 242 244 248 243 245 254 258 253 256 251 253 259 263 272 277 280 279 280 289 283 286 287 292 289 284 291 288 287 287 291 288 289 291 292 293 295 297 298 299 300 307 312 310 316 322 318 322 319 328 331 333 335 341 336 333 331 334 335 334 343 
200 204 210 202 202 200 201 205 206 207 208 213 208 211 210 218 219 219 211 212 218 215 220 226 225 229 225 217 226 224 226 228 229 231 234 236 240 238 240 249 251 247 255 248 247 248 250 251 255 252 259 264 272 278 280 283 280 289 285 284 289 293 293 292 286 291 296 291 295 292 292 290 294 301 294 296 302 300 301 301 306 307 308 309 313 316 325 320 328 332 332 333 338 343 340 332 338 344 335 336 
209 205 207 203 209 204 203 207 213 208 213 214 209 211 213 214 219 221 212 221 217 216 221 223 224 229 229 224 227 225 226 228 231 236 236 238 246 241 244 253 252 252 260 252 250 251 253 257 254 253 261 262 269 272 274 278 286 294 288 287 291 296 299 297 288 290 294 293 302 300 295 291 297 298 302 297 301 301 310 302 311 316 315 317 322 322 323 321 325 333 331 336 341 343 348 339 339 339 338 339 
215 209 207 204 205 213 211 210 212 209 216 220 211 216 215 216 219 215 214 220 219 220 229 226 230 231 234 229 229 227 233 232 233 238 237 242 248 242 246 250 252 256 263 258 253 252 260 258 257 261 268 269 270 271 280 279 287 288 296 295 294 295 304 295 290 291 292 295 304 300 298 297 304 307 301 298 301 302 305 311 318 318 319 318 319 324 324 323 324 329 330 331 332 334 340 340 347 348 344 346 
213 211 213 211 214 221 212 213 219 210 211 214 218 218 221 217 220 217 218 221 225 221 226 226 232 232 234 233 237 228 230 239 235 236 244 247 253 246 247 249 250 255 257 258 259 257 264 263 258 261 262 267 276 278 281 288 288 292 293 295 302 303 303 302 293 294 296 297 304 302 307 305 306 307 302 301 304 307 312 315 318 322 323 327 325 333 327 324 325 333 339 333 338 335 336 344 348 346 349 352 
222 218 215 212 220 216 215 222 220 211 214 215 218 219 227 220 220 219 227 225 232 223 224 225 228 231 234 242 235 230 235 237 243 237 246 248 246 247 253 258 254 255 256 261 268 263 269 268 260 267 263 265 267 276 283 288 294 293 298 301 309 312 311 304 295 302 297 305 313 310 308 307 308 309 305 303 310 316 318 323 320 321 330 330 327 336 330 333 327 334 335 337 342 336 340 341 342 343 344 352 
231 222 217 219 220 219 219 218 214 213 214 222 227 220 229 221 222 224 226 229 228 227 233 227 234 232 233 236 238 235 236 237 238 239 240 241 244 253 259 267 263 256 258 259 260 264 265 267 266 267 264 272 269 278 282 284 290 295 298 307 306 307 308 309 302 304 304 311 318 312 317 313 313 310 314 305 311 319 320 322 324 329 332 333 328 329 331 332 331 334 340 343 344 337 338 341 342 351 348 357 
225 229 220 223 226 220 219 218 215 214 215 216 218 219 228 229 225 228 233 238 233 230 230 229 234 236 241 238 242 236 243 238 245 241 244 243 246 255 258 258 263 262 267 260 264 273 267 271 275 272 267 270 276 282 291 292 292 292 301 301 303 308 306 310 303 304 307 316 322 316 315 314 316 317 314 308 310 319 325 323 324 332 337 335 330 331 335 334 338 336 345 342 341 339 340 349 343 349 355 363 
223 222 221 230 230 222 220 225 224 222 224 217 218 220 222 231 229 234 241 237 236 235 232 232 241 237 246 242 249 242 243 241 248 248 251 244 245 250 253 255 263 266 268 261 266 274 268 269 270 279 270 272 278 279 288 289 290 291 292 297 298 303 300 301 302 311 308 309 313 322 317 315 316 317 322 317 316 324 325 326 333 333 341 336 336 333 338 336 337 337 339 340 341 342 346 351 345 352 353 355 
229 224 222 226 224 223 221 222 225 228 219 218 222 229 230 231 237 237 238 243 240 236 235 233 235 243 247 246 249 243 250 243 252 256 255 247 246 253 258 260 261 270 277 268 270 275 277 278 273 276 276 274 276 278 284 290 288 291 296 291 299 301 299 303 303 310 310 318 315 317 317 317 318 321 319 318 324 327 326 332 337 342 340 339 345 336 337 342 345 338 339 347 342 351 348 352 347 348 357 361 
232 233 224 228 225 232 230 226 234 227 222 219 220 226 227 232 239 240 239 241 249 244 244 235 243 245 246 252 249 244 245 244 245 248 257 255 255 254 262 269 262 267 269 269 271 272 275 281 274 279 278 282 283 280 281 283 284 286 287 288 294 295 297 298 299 305 307 315 314 315 316 321 321 326 327 327 327 331 335 336 339 341 344 340 347 340 339 347 348 346 344 346 347 356 352 353 348 349 350 359 
237 237 231 229 233 240 237 235 230 226 225 220 224 226 233 238 239 243 245 242 243 244 239 237 241 242 244 249 251 248 253 245 250 252 261 259 258 257 261 262 269 268 275 278 272 274 283 276 275 277 286 289 282 281 283 286 290 287 290 289 296 304 306 306 303 305 308 309 311 316 323 327 322 323 326 329 332 332 339 343 340 342 342 341 349 343 340 342 344 345 353 355 350 352 355 355 355 358 352 353 
239 238 234 230 232 235 239 232 228 227 226 227 228 233 240 241 240 249 253 250 244 249 247 243 250 249 250 251 255 249 247 246 248 250 259 260 259 260 263 270 278 270 272 273 273 280 282 282 278 286 291 290 290 284 285 287 288 296 295 296 301 304 308 312 304 312 312 314 313 314 316 318 319 327 328 337 340 341 346 351 343 344 343 345 347 348 348 343 346 348 349 351 357 360 360 359 358 366 361 358 
236 234 232 231 240 244 240 240 237 228 229 230 229 235 242 246 245 246 250 249 245 253 248 247 248 250 255 259 260 252 256 248 250 252 253 262 260 261 267 269 271 273 273 279 280 284 283 285 287 287 288 290 291 286 286 289 289 290 293 299 303 312 311 311 305 309 311 314 316 315 324 324 322 331 331 340 342 346 349 353 345 353 350 352 348 357 349 344 347 351 350 359 360 361 365 360 362 368 362 360 
239 241 236 238 246 244 241 243 243 237 235 233 234 236 239 240 243 247 249 248 247 251 250 250 249 250 253 260 261 253 254 252 257 254 256 262 265 265 269 276 272 279 274 277 281 284 292 286 289 290 297 291 292 295 288 297 295 292 293 295 303 310 315 312 313 313 313 322 318 323 326 330 326 330 331 334 339 342 344 344 345 346 354 350 353 350 347 345 349 352 359 356 357 363 365 369 369 375 366 367 
242 247 239 239 243 245 242 245 244 246 239 236 243 237 245 249 248 253 251 256 251 252 253 255 251 256 256 258 256 255 254 253 255 263 263 268 270 270 271 272 273 277 281 282 286 290 291 291 292 291 292 300 294 295 292 301 296 300 294 298 301 305 312 313 322 315 322 325 321 327 328 336 328 329 332 341 336 337 341 342 346 346 347 349 350 349 348 354 355 353 354 355 360 363 364 366 371 369 368 369 
244 243 242 248 251 251 250 246 245 243 240 238 244 239 240 248 252 259 254 253 252 261 260 257 254 255 258 259 258 256 255 257 259 268 267 273 273 277 279 275 276 281 287 284 285 286 294 297 293 292 298 302 298 297 293 301 305 306 297 298 307 308 314 317 318 324 330 332 324 326 335 337 329 330 338 334 335 339 340 341 343 345 353 352 351 353 352 361 358 361 355 360 360 368 368 375 379 377 371 376 
248 251 245 253 257 255 251 255 251 246 249 240 248 241 241 244 248 252 254 258 257 258 266 263 256 256 257 258 260 262 257 262 261 270 273 281 274 278 284 278 278 286 284 285 292 287 288 292 297 301 305 306 302 297 296 299 300 308 301 305 312 309 310 314 323 326 329 328 327 335 341 339 330 331 332 333 334 342 342 342 344 349 354 356 357 358 356 359 360 362 357 358 359 368 370 375 370 370 372 374 
249 258 250 259 262 258 252 257 256 255 249 244 246 249 250 245 248 256 258 260 260 267 268 259 257 258 258 266 263 261 258 266 268 269 273 277 275 276 285 281 279 281 283 287 288 290 297 296 304 306 304 302 301 300 305 308 301 302 302 307 309 312 313 319 323 331 334 331 329 332 334 336 335 333 338 335 336 342 344 347 349 351 355 356 357 361 360 362 364 363 359 367 360 362 363 366 368 369 378 378 
253 254 251 255 257 256 255 255 252 253 246 245 246 247 248 250 254 256 260 265 263 272 269 266 259 265 263 264 272 266 264 265 274 270 278 281 279 279 281 290 282 282 288 288 295 292 293 295 298 307 307 305 306 301 305 306 306 309 308 310 316 317 315 319 322 325 327 330 330 335 336 338 344 335 336 339 338 345 352 348 356 354 360 365 360 361 362 367 372 369 360 369 365 363 372 373 372 371 372 378 
257 254 253 254 255 263 258 253 250 249 248 246 253 248 249 250 258 265 259 268 269 270 275 269 264 267 265 269 272 270 265 270 274 274 279 288 281 288 284 286 283 291 289 289 293 294 300 300 303 306 308 310 307 308 311 310 311 314 309 311 312 315 317 324 326 330 331 334 334 336 343 343 344 340 340 347 339 342 343 351 354 356 357 362 362 370 365 370 377 368 367 367 366 368 370 371 373 374 373 375 
256 255 258 258 257 260 263 262 257 252 253 247 251 256 250 253 254 256 257 264 265 268 267 266 265 267 272 277 279 273 271 272 279 281 280 287 285 294 292 287 289 290 290 290 295 301 308 303 304 305 307 308 308 313 313 319 313 314 317 312 315 316 318 321 329 333 335 337 335 340 347 345 347 349 344 347 343 345 348 349 352 357 362 371 368 376 371 379 372 371 376 369 375 373 371 373 375 375 374 375 
257 256 265 259 258 264 266 262 259 255 254 254 259 260 259 254 261 259 259 261 264 270 268 267 266 269 272 280 282 280 277 275 278 286 284 289 287 295 298 290 297 298 291 299 304 310 308 307 305 306 308 310 309 314 315 324 315 316 323 321 317 317 322 326 330 332 335 336 336 338 341 343 345 350 351 348 347 347 348 352 353 361 369 374 370 377 372 378 378 372 380 371 378 377 375 380 382 384 376 378 
259 265 265 261 259 268 267 271 268 259 259 262 267 264 258 255 257 266 263 270 271 275 277 274 269 274 281 281 284 285 278 282 280 284 285 287 288 290 292 291 292 293 296 302 305 308 310 311 306 307 314 316 317 315 321 321 318 317 321 322 326 324 323 329 334 341 344 341 338 346 342 348 347 349 354 351 348 349 350 351 352 357 363 366 374 377 381 374 375 376 378 377 386 382 380 381 382 390 385 385 
260 265 266 266 264 269 269 278 269 268 265 264 273 265 265 258 263 268 267 268 269 276 285 280 278 279 283 282 290 284 280 286 289 285 287 296 296 291 299 300 295 299 305 306 314 316 313 313 308 312 319 319 321 323 325 325 324 320 328 326 331 331 324 330 337 338 339 343 340 345 343 344 347 350 351 357 349 351 351 360 357 358 363 364 367 368 372 373 374 377 383 378 379 380 387 390 383 389 386 389 
262 265 268 273 265 270 270 271 274 270 268 269 271 269 262 259 266 267 276 272 276 279 281 281 279 286 292 285 291 285 281 284 286 287 293 293 294 294 301 301 296 305 307 310 311 312 317 314 309 310 316 320 326 324 331 330 325 327 328 331 336 340 333 337 340 342 346 350 341 350 349 345 346 352 353 360 354 352 358 365 359 366 365 366 371 373 375 381 381 378 379 383 381 384 386 389 384 389 389 398 
271 266 272 269 268 272 275 278 272 271 270 275 274 270 269 268 267 275 277 281 278 279 287 288 280 284 293 286 287 291 290 293 291 289 291 292 295 302 302 306 305 307 313 315 314 313 316 319 310 316 318 320 323 325 329 327 326 329 330 333 336 337 335 339 340 342 344 348 344 346 352 346 347 349 353 360 361 353 354 357 363 372 366 372 378 375 375 377 386 384 381 382 387 387 390 393 385 386 391 393 
270 269 278 275 275 274 283 279 281 277 273 276 283 275 272 276 276 276 280 286 285 281 282 284 289 290 291 295 292 299 293 302 298 290 295 298 297 306 303 310 311 311 313 317 315 314 315 315 314 323 325 322 326 326 334 328 331 332 337 340 337 340 344 340 342 349 351 348 346 347 348 350 350 358 354 355 358 362 357 366 368 368 367 368 369 370 372 378 387 385 383 389 387 396 398 394 393 387 388 393 
278 276 285 280 276 276 280 283 278 277 275 283 282 276 276 277 277 278 279 285 294 285 288 290 291 293 295 296 298 297 295 296 297 291 294 300 305 307 305 307 311 314 315 316 316 317 318 316 316 323 329 328 327 329 331 329 334 333 338 345 342 349 345 346 348 355 357 351 347 349 352 351 354 357 362 357 363 363 365 371 370 371 376 371 372 377 376 378 385 389 384 385 386 390 391 396 401 392 389 398 
